0.008127 126
8.112425 40
1.073923 1
0.000014 62
2.358977 2
0.000010 9
0.031721 12
0.032707 4
0.000004 2
0.000010 1
0.000016 2
0.000013 2
0.002314 3
0.000019 1
0.000014 1
0.000079 1
0.000049 1
0.000047 1
0.000052 1
0.000047 1
0.000048 1
0.000047 1
0.000049 1
0.000051 1
0.000048 1
0.000048 1
0.000047 1
0.000048 1
0.000047 1
0.000048 1
0.000048 1
0.000048 1
0.000048 1
0.000048 1
0.000047 1
0.000048 1
0.000048 1
0.000047 1
0.000047 1
0.000051 1
0.000047 1
0.000048 1
0.000049 1
0.000047 1
0.000048 1
0.000047 1
0.000048 1
0.000047 1
0.000048 1
0.000047 1
0.000048 1
0.000048 1
0.000048 1
0.000048 1
0.000047 1
0.000048 1
0.000047 1
0.000049 1
0.000047 1
0.000047 1
0.000052 1
0.000047 1
0.000048 1
0.000046 1
0.000048 1
0.000048 1
0.000047 1
0.000048 1
0.000048 1
0.000049 1
0.000046 1
0.000048 1
0.000047 1
0.000048 1
0.000048 1
0.004922 1
0.000021 1
0.000013 2
0.000013 4
0.000053 1
0.000040 1
0.000041 1
0.000039 1
0.000041 1
0.000041 1
0.000040 1
0.000042 1
0.000044 1
0.000040 1
0.000040 1
0.000041 1
0.000040 1
0.000040 1
0.000041 1
0.000040 1
0.000041 1
0.000040 1
0.000040 1
0.000041 1
0.000040 1
0.000053 1
0.000066 1
0.000054 1
0.000044 1
0.000045 1
0.000042 1
0.000042 1
0.000044 1
0.000059 1
0.000051 1
0.000041 1
0.000046 1
0.000040 1
0.000122 1
0.000040 1
0.000040 1
0.000040 1
0.000044 1
0.000043 1
0.000044 1
0.000040 1
0.000084 1
0.000042 1
0.000041 1
0.000041 1
0.000084 1
0.000041 1
0.000041 1
0.000046 1
0.000195 1
0.000043 1
0.000041 1
0.000041 1
0.000040 1
0.000045 1
0.000041 1
0.000040 1
0.000041 1
0.000148 1
0.000042 1
0.000042 1
0.000041 1
0.000040 1
0.000040 1
0.000040 1
0.000041 1
0.000044 1
0.000085 1
0.000044 1
0.000041 1
0.000041 1
0.000040 1
0.001161 2
0.000003 2
0.000045 1
0.000040 1
0.000040 1
0.000042 1
0.000040 1
0.000042 1
0.000040 1
0.000041 1
0.000041 1
0.000040 1
0.000042 1
0.000040 1
0.000041 1
0.000044 1
0.000041 1
0.000040 1
0.000041 1
0.000041 1
0.000041 1
0.000041 1
0.000040 1
0.000042 1
0.000040 1
0.000042 1
0.000040 1
0.000047 1
0.000040 1
0.000041 1
0.000041 1
0.000041 1
0.000041 1
0.000041 1
0.000041 1
0.000040 1
0.000041 1
0.000041 1
0.000041 1
0.000041 1
0.000044 1
0.000040 1
0.000041 1
0.000041 1
0.000041 1
0.000044 1
0.000041 1
0.000040 1
0.000218 1
0.000004 1
0.000050 1
0.000041 1
0.000040 1
0.000041 1
0.000041 1
0.000041 1
0.000041 1
0.000040 1
0.000042 1
0.000040 1
0.000041 1
0.000042 1
0.000042 1
0.000040 1
0.000041 1
0.000041 1
0.000041 1
0.000040 1
0.000041 1
0.000041 1
0.000042 1
0.000040 1
0.000041 1
0.000040 1
0.000041 1
0.000041 1
0.000041 1
0.000041 1
0.000041 1
0.000041 1
0.000040 1
0.000041 1
0.000041 1
0.000040 1
0.000041 1
0.000045 1
0.000040 1
0.000041 1
0.000042 1
0.000040 1
0.000041 1
0.000040 1
0.000041 1
0.000041 1
0.000041 1
0.000040 1
0.000041 1
0.000040 1
0.000041 1
0.000041 1
0.000041 1
0.000042 1
0.000041 1
0.000041 1
0.000040 1
0.000042 1
0.000040 1
0.000041 1
0.000041 1
0.000042 1
0.000042 1
0.000041 1
0.000041 1
0.000041 1
0.000040 1
0.000041 1
0.000041 1
0.000041 1
0.000041 1
0.000041 1
0.000040 1
0.000041 1
0.000041 1
0.000040 1
0.000041 1
0.000041 1
0.000041 1
0.000041 1
0.003458 1
0.000012 7
0.000065 1
0.000053 1
0.000052 1
0.000052 1
0.000052 1
0.000052 1
0.000051 1
0.000052 1
0.000053 1
0.000052 1
0.000052 1
0.000052 1
0.000052 1
0.000052 1
0.000053 1
0.000054 1
0.000052 1
0.000052 1
0.000052 1
0.000053 1
0.000056 1
0.000052 1
0.000051 1
0.000052 1
0.000227 2
0.000004 2
0.000056 1
0.000051 1
0.000058 1
0.000046 1
0.000053 1
0.000058 1
0.000051 1
0.000053 1
0.000051 1
0.000050 1
0.000051 1
0.000053 1
0.000053 1
0.000051 1
0.000052 1
0.000051 1
0.000051 1
0.000052 1
0.000052 1
0.000051 1
0.000051 1
0.000052 1
0.000052 1
0.000052 1
0.000056 1
0.000051 1
0.000051 1
0.000052 1
0.000052 1
0.000051 1
0.000053 1
0.000052 1
0.000051 1
0.000052 1
0.000052 1
0.000051 1
0.000052 1
0.000051 1
0.000052 1
0.000052 1
0.000250 2
0.000004 2
0.000004 2
0.000055 1
0.000051 1
0.000052 1
0.000052 1
0.000052 1
0.000052 1
0.000052 1
0.000052 1
0.000052 1
0.000052 1
0.000052 1
0.000051 1
0.000051 1
0.000052 1
0.000052 1
0.000052 1
0.000051 1
0.000052 1
0.000056 1
0.000051 1
0.000052 1
0.018502 4
0.043078 1
0.000042 1
0.000052 1
0.000052 1
0.000053 1
0.000050 1
0.000057 1
0.000051 1
0.000052 1
0.000052 1
0.000051 1
0.000053 1
0.000051 1
0.000052 1
0.000056 1
0.000051 1
0.000052 1
0.000051 1
0.000051 1
0.000051 1
0.000052 1
0.000051 1
0.000053 1
0.000050 1
0.000052 1
0.000054 1
0.000051 1
0.000051 1
0.000051 1
0.000052 1
0.000051 1
0.000051 1
0.000052 1
0.000051 1
0.000052 1
0.000051 1
0.000051 1
0.000051 1
0.000052 1
0.000051 1
0.000218 6
0.000055 1
0.000053 1
0.000051 1
0.000052 1
0.000051 1
0.000052 1
0.000051 1
0.000052 1
0.000051 1
0.000052 1
0.000051 1
0.000051 1
0.000052 1
0.000050 1
0.000051 1
0.000052 1
0.000051 1
0.000052 1
0.000051 1
0.000052 1
0.000054 1
0.000250 2
0.000003 2
0.000056 1
0.000051 1
0.000052 1
0.000052 1
0.000052 1
0.000051 1
0.000051 1
0.000052 1
0.000052 1
0.000051 1
0.000051 1
0.000051 1
0.000052 1
0.000054 1
0.000052 1
0.000051 1
0.000052 1
0.000050 1
0.000051 1
0.000052 1
0.000052 1
0.000051 1
0.000052 1
0.000051 1
0.000051 1
0.000052 1
0.000050 1
0.000052 1
0.000051 1
0.000052 1
0.000051 1
0.000052 1
0.000052 1
0.000053 1
0.000051 1
0.000051 1
0.000051 1
0.000052 1
0.000051 1
0.000052 1
0.000051 1
0.000051 1
0.000052 1
0.000051 1
0.000051 1
0.000052 1
0.000052 1
0.000052 1
0.000051 1
0.000142 2
0.000008 2
0.000055 1
0.000050 1
0.000052 1
0.000052 1
0.000052 1
0.000051 1
0.000052 1
0.000052 1
0.000052 1
0.000052 1
0.000051 1
0.000051 1
0.000052 1
0.000051 1
0.000052 1
0.000051 1
0.000051 1
0.000051 1
0.000180 2
0.000004 2
0.000046 1
0.000042 1
0.000042 1
0.000042 1
0.000042 1
0.000042 1
0.000041 1
0.000042 1
0.000042 1
0.000042 1
0.000041 1
0.000042 1
0.000042 1
0.000041 1
0.000042 1
0.000041 1
0.000042 1
0.000046 1
0.000041 1
0.000041 1
0.000042 1
0.000042 1
0.000043 1
0.000042 1
0.000042 1
0.000041 1
0.000042 1
0.000041 1
0.000043 1
0.000041 1
0.000042 1
0.000042 1
0.000041 1
0.000042 1
0.000041 1
0.000042 1
0.000042 1
0.000042 1
0.000041 1
0.029238 1
0.000037 1
0.001279 4
0.000109 1
0.000063 1
0.000075 1
0.000070 1
0.000071 1
0.000066 1
0.000068 1
0.000068 1
0.000069 1
0.000070 1
0.000069 1
0.000067 1
0.000068 1
0.000067 1
0.000067 1
0.000068 1
0.000067 1
0.000068 1
0.000067 1
0.000068 1
0.000067 1
0.000068 1
0.000067 1
0.000068 1
0.000071 1
0.000067 1
0.000067 1
0.042943 1
0.007891 1
0.000465 10
0.000178 7
0.000111 1
0.000089 1
0.000095 1
0.000100 1
0.000094 1
0.000095 1
0.000095 1
0.000095 1
0.000096 1
0.000099 1
0.000095 1
0.000095 1
0.000095 1
0.000094 1
0.000098 1
0.000095 1
0.000094 1
0.000095 1
0.000096 1
0.000070 2
0.000003 2
0.000010 1
0.000082 1
0.000060 1
0.000068 1
0.000068 1
0.000069 1
0.000068 1
0.000072 1
0.000067 1
0.000069 1
0.000068 1
0.000069 1
0.000090 1
0.000047 1
0.000082 1
0.000055 1
0.000070 1
0.000066 1
0.000069 1
0.000067 1
0.000068 1
0.000068 1
0.000073 1
0.000068 1
0.000069 1
0.000068 1
0.000068 1
0.000069 1
0.000068 1
0.000068 1
0.000068 1
0.000073 1
0.000068 1
0.000069 1
0.000067 1
0.000068 1
0.000072 1
0.000068 1
0.000068 1
0.000068 1
0.000089 1
0.000097 2
0.000006 1
0.000008 1
0.000003 1
0.000014 3
0.000097 1
0.000096 1
0.000095 1
0.000095 1
0.000094 1
0.000101 1
0.000093 1
0.000095 1
0.000094 1
0.000095 1
0.000095 1
0.000095 1
0.000094 1
0.000164 1
0.000002 1
0.000003 2
0.000072 2
0.000007 2
0.000003 1
0.000072 1
0.000069 1
0.000068 1
0.000068 1
0.000069 1
0.000067 1
0.000068 1
0.000079 1
0.000069 1
0.000072 1
0.000068 1
0.000076 1
0.000069 1
0.000068 1
0.000069 1
0.000070 1
0.000069 1
0.000068 1
0.000068 1
0.000069 1
0.000068 1
0.000068 1
0.000069 1
0.000068 1
0.000068 1
0.000073 1
0.000068 1
0.000068 1
0.000068 1
0.000070 1
0.000069 1
0.000068 1
0.000069 1
0.000067 1
0.000068 1
0.000068 1
0.000068 1
0.000068 1
0.000068 1
0.000069 1
0.000067 1
0.000068 1
0.000068 1
0.000068 1
0.000076 1
0.000064 1
0.000068 1
0.000068 1
0.000068 1
0.000068 1
0.000068 1
0.000068 1
0.000068 1
0.000069 1
0.000068 1
0.000068 1
0.000068 1
0.000068 1
0.000068 1
0.000071 1
0.000068 1
0.000068 1
0.000068 1
0.000068 1
0.000231 1
0.000003 1
0.000003 2
0.000003 2
0.000073 1
0.000070 1
0.000065 1
0.000068 1
0.000068 1
0.000068 1
0.000071 1
0.000068 1
0.000068 1
0.000078 1
0.000059 1
0.000069 1
0.000068 1
0.000067 1
0.000069 1
0.000068 1
0.000068 1
0.000068 1
0.000069 1
0.000068 1
0.000071 1
0.000068 1
0.000068 1
0.000068 1
0.000068 1
0.000068 1
0.000068 1
0.000069 1
0.000068 1
0.000068 1
0.000068 1
0.000068 1
0.000068 1
0.000068 1
0.000068 1
0.000071 1
0.000068 1
0.000069 1
0.000068 1
0.000068 1
0.015073 1
2.532248 19
0.004878 126
1.749877 1
0.212570 1
0.127976 1
0.118724 1
0.139187 2
0.000010 9
0.000027 6
